%% Extruded (E) inches

width = [ 0.509 0.515 0.503 ]
thickness = [ 0.195 0.199 0.186 0.187 ]

%% C brittle

width2 = [ 0.500 0.502 0.485 0.505  ]
thickness2 = [ 0.185 0.186 0.185 0.187] %we dropped the sample here